name: testt
channels:
  - pytorch
  - conda-forge
  - defaults
dependencies:
  - atk=2.25.90=hb9dd440_1002
  - bzip2=1.0.6=h14c3975_1002
  - ca-certificates=2019.3.9=hecc5488_0
  - cairo=1.16.0=ha4e643d_1000
  - certifi=2019.3.9=py36_0
  - cffi=1.12.2=py36h2e261b9_1
  - dbus=1.13.0=h4e0c4b3_1000
  - expat=2.2.5=hf484d3e_1002
  - ffmpeg=4.1.1=h167e202_0
  - fontconfig=2.13.1=he4413a7_1000
  - freetype=2.10.0=he983fc9_0
  - gdk-pixbuf=2.36.12=h49783d7_1002
  - gettext=0.19.8.1=hc5be6a0_1002
  - giflib=5.1.9=h516909a_0
  - glib=2.58.3=hf63aee3_1001
  - gmp=6.1.2=hf484d3e_1000
  - gnutls=3.6.5=hd3a4fd2_1002
  - gobject-introspection=1.58.2=py36h2da5eee_1000
  - graphite2=1.3.13=hf484d3e_1000
  - gstreamer=1.14.4=h66beb1c_1001
  - gtk2=2.24.31=hb68c50a_1001
  - harfbuzz=2.4.0=h37c48d4_0
  - hdf5=1.10.4=nompi_h3c11f04_1106
  - icu=58.2=hf484d3e_1000
  - intel-openmp=2019.3=199
  - jasper=1.900.1=h07fcdf6_1006
  - jpeg=9c=h14c3975_1001
  - lame=3.100=h14c3975_1001
  - libblas=3.8.0=4_openblas
  - libcblas=3.8.0=4_openblas
  - libedit=3.1.20181209=hc058e9b_0
  - libffi=3.2.1=hd88cf55_4
  - libgcc-ng=8.2.0=hdf63c60_1
  - libgfortran-ng=7.3.0=hdf63c60_0
  - libiconv=1.15=h516909a_1005
  - liblapack=3.8.0=4_openblas
  - liblapacke=3.8.0=4_openblas
  - libpng=1.6.37=hed695b0_0
  - libstdcxx-ng=8.2.0=hdf63c60_1
  - libtiff=4.0.10=h648cc4a_1001
  - libuuid=2.32.1=h14c3975_1000
  - libwebp=1.0.2=h576950b_1
  - libxcb=1.13=h14c3975_1002
  - libxml2=2.9.8=h143f9aa_1005
  - mkl=2019.3=199
  - ncurses=6.1=he6710b0_1
  - nettle=3.4.1=h1bed415_1002
  - ninja=1.9.0=py36hfd86e86_0
  - numpy=1.16.2=py36h8b7e671_1
  - openblas=0.3.5=h9ac9557_1001
  - opencv=4.1.0=py36h79d2e43_0
  - openh264=1.8.0=hdbcaa40_1000
  - openssl=1.0.2r=h14c3975_0
  - pango=1.40.14=h4ea9474_1004
  - pcre=8.41=hf484d3e_1003
  - pip=19.0.3=py36_0
  - pixman=0.34.0=h14c3975_1003
  - pthread-stubs=0.4=h14c3975_1001
  - pycparser=2.19=py36_0
  - python=3.6.6=hd21baee_1003
  - pytorch-cpu=1.0.1=py3.6_cpu_2
  - qt=5.6.2=hce4f676_1013
  - readline=7.0=h7b6447c_5
  - setuptools=41.0.0=py36_0
  - sqlite=3.27.2=h7b6447c_0
  - tk=8.6.8=hbc83047_0
  - wheel=0.33.1=py36_0
  - x264=1!152.20180806=h14c3975_0
  - xorg-kbproto=1.0.7=h14c3975_1002
  - xorg-libice=1.0.9=h516909a_1004
  - xorg-libsm=1.2.3=h84519dc_1000
  - xorg-libx11=1.6.7=h14c3975_1000
  - xorg-libxau=1.0.9=h14c3975_0
  - xorg-libxdmcp=1.1.3=h516909a_0
  - xorg-libxext=1.3.4=h516909a_0
  - xorg-libxrender=0.9.10=h516909a_1002
  - xorg-libxt=1.1.5=h14c3975_1002
  - xorg-renderproto=0.11.1=h14c3975_1002
  - xorg-xextproto=7.3.0=h14c3975_1002
  - xorg-xproto=7.0.31=h14c3975_1007
  - xz=5.2.4=h14c3975_4
  - zlib=1.2.11=h7b6447c_3
  - pip:
    - absl-py==0.7.1
    - astor==0.7.1
    - cycler==0.10.0
    - decorator==4.4.0
    - gast==0.2.2
    - grpcio==1.19.0
    - h5py==2.9.0
    - hiredis==1.0.0
    - imageio==2.5.0
    - keras-applications==1.0.7
    - keras-preprocessing==1.0.9
    - kiwisolver==1.0.1
    - markdown==3.1
    - matplotlib==3.0.3
    - networkx==2.3
    - pillow==6.0.0
    - protobuf==3.7.1
    - pyparsing==2.4.0
    - python-dateutil==2.8.0
    - pywavelets==1.0.3
    - redis==3.2.1
    - scikit-image==0.15.0
    - scipy==1.2.1
    - six==1.12.0
    - tensorboard==1.12.2
    - tensorflow==1.12.0
    - tensorflow-hub==0.4.0
    - termcolor==1.1.0
    - werkzeug==0.15.2

